#region:weather
//これは天候のオブジェクトのサイズの揺らぎ
dsize:0.2
//サイズ
lightning:0.3,2.5,500

//サイズ,持続ターン
curse:0.75,1,150,2.0

//サイズ
judgement:0.75,2.5,500


//サイズ,持続,間隔
flamy:10,3,50,70,7

//サイズ,最低速度(1+wind)がかかる
sandstorm:0.3,1.5,70,5

//サイズ,最低速度(1+wind)がかかる
kamaitati:0.75,2.5,80,18

//earth
sand:1.2

//fire
rain:0.8
//fire,ice ,
snow:0.8,1.2
//サイズ,最低速度(1+wind)がかかる
icecle:0.5, -999 ,45,13



//これは日の光や、温度の揺らぎ
dlight:0.2
//      lux,misun,mxsun,  micloud,mxcloud, mnwind,mxwind, mndwind,mxdwind,  mntempera,mxrempera  ,mnhumid,mxhumid
sougen: 1.0,0.5,0.8       ,0,1.0             ,0,0.5          ,0,0.25            ,-0.25,0.25       ,-0.25,0.25  
mori:   0.8,0.5,0.8       ,0,1.0             ,0,0.5          ,0,0.25            ,-0.20,0.20       ,-0.20,0.35  
setugen:1.0,0.3,0.6       ,0,1.0             ,0,0.5          ,0,0.25            ,-0.60,-0.20       ,-0.20,0.30  
savanna:1.0,0.6,0.9       ,0,0.7             ,0,0.6          ,0,0.3            ,0.20,0.70       ,-0.40,0.1  
desert: 1.0,0.7,1.0       ,-0.5,0.7           ,0.0,0.7       ,0.0,0.3           ,0.4,1.0          , -1.0,0.0  
nothing:1.0,0.5,0.5       ,0.0,1.0           ,0.0,0.0        ,0.0,0.0           ,0.0,0.0          , 0.0,0.0

#region:weatherR
//    0rain,rainP  2T,TRE   4I,IRE   6F,FRE   8L,LRE  10E,ERE  12W,WRE  14D,DRE  16SS,SSP  18Sn,SnP
sougen:  35 , 1     ,20,1    ,0,1    ,5,1     ,5,1    ,5,1    ,5,1      ,5,1      ,5,1      ,0,1     
mori:    35 , 1     ,20,1.4  ,0,1    ,0,1     ,5,1    ,0,1    ,0,1      ,5,1      ,0,1      ,0,1
setugen: 1 , 1      ,20,1    ,35,1   ,0,1     ,5,1    ,0,1    ,0,1      ,5,1      ,0,1      ,35,1
savanna: 35 , 1     ,20,1    ,0,1    ,20,1    ,5,1    ,10,1   ,5,1      ,5,1      ,10,1     ,0,1
desert : 20,0.8       , 0,1    ,0,1    ,20,1    ,5,1    ,5,1    ,5,1      ,5,1      ,35,1   ,0,1
nothing: 00,1.0     ,00,1.0  ,00,1.0 ,00,1.0  ,05,1.0 ,05,1.0 ,05,1.0   ,05,1.0   ,00,1.0   ,00,1.0
